24.1505 | 24.2383 | 0.0878912
30.5785 | 30.7203 | 0.141769
37.2062 | 37.3075 | 0.101293
43.2527 | 43.3501 | 0.097415
56
62.25
70.09
81.2198 | 81.3034 | 0.0835374
88.4
95.6656 | 95.7959 | 0.130317
101.857 | 102.012 | 0.155918
107.207 | 107.309 | 0.10254
113.993 | 114.07 | 0.0771655
119.89
126.36
143.02
149.12
152.25
155.36 | 155.441 | 0.0819274
161.55
167.88
173.892 | 174.011 | 0.119093
185
192.33
198.37
203
209
216.394 | 216.483 | 0.0890703
222
227.336 | 227.435 | 0.0985488
283.11
243.6 | 243.678 | 0.0775964
250.781 | 250.877 | 0.095873
256.272 | 256.367 | 0.0940816
263
273.89
283.88
289
298.5
304.786 | 304.904 | 0.118299
211.3
317.3
526.3
332.2
340.7
355.9
362.184 | 362.308 | 0.124104
368.273 | 368.358 | 0.0853741
374.673 | 374.817 | 0.143424
381.03
387.3
393.603 | 393.743 | 0.14
403
409
416
422.079 | 422.16 | 0.0809524
428.37 | 428.456 | 0.0859637
435.9
440
454.9
460.8
466
473.144 | 473.221 | 0.0764399
479.5
486
492.697 | 492.82 | 0.12254
506.3
512.3
518.3
524.62
530.477 | 530.639 | 0.161587
537.1
543.1
549.079 | 549.19 | 0.111315
557.281 | 557.385 | 0.104399
563.8
569.99
578.1
584.6
591
600
606.702 | 606.873 | 0.170952
612.5
621.644 | 622.154 | 0.51059
628.3
641.936 | 642.197 | 0.260839
648.9
655.437 | 655.557 | 0.119932
663.794 | 663.914 | 0.120068
675.6
584.4
692.684 | 692.861 | 0.177029
898.95
701.087 | 701.294 | 0.206893
707.209 | 707.394 | 0.184376
712.99
720
727.28
748.8
750.6
762.5
768.3
774.2
780.206 | 780.307 | 0.100998
789.931 | 790.02 | 0.0894104
795.8
806.062 | 806.15 | 0.0878685
811.933 | 812.056 | 0.122948
817.99
824.2
830.198 | 830.324 | 0.125986
838.905 | 839.052 | 0.14678
847.8
855.715 | 855.858 | 0.142676
861.6
867.3
873.6
883.8
890.1
906.975 | 907.054 | 0.0785714
912.182 | 912.261 | 0.0789569
918.99
924.99
937.99
985.4
964.4
970.3
988.66
994.3
1008
1021.8
1028.98 | 1029.21 | 0.233741
1035.1
1040.21 | 1040.32 | 0.106259
1048.8
1057.99
1064.12
1070.6
1076.26 | 1076.44 | 0.183356
1082.44 | 1082.65 | 0.205306
1088.02 | 1088.11 | 0.0887528
1094.66
1100.5
1106.66
1112.45
1119
1125.07 | 1125.16 | 0.0862812
1131.6
1137.3
1143.46 | 1143.64 | 0.172698
1149.4
1154.9
1160.7
1167.1